place(4.342, 1.000, -37.177, "Shotgunner", 636)
place(-1.374, 1.000, -37.282, "Shotgunner", 336)
place(4.220, 1.037, -35.114, "Shotgunner", 473)
place(-1.150, 1.037, -35.242, "Shotgunner", 596)
upgrade(-1.150, 2.387, -35.242, 424)
upgrade(4.342, 2.350, -37.177, 274)
upgrade(-1.374, 2.350, -37.282, 154)
upgrade(4.220, 2.387, -35.114, 500)
place(4.327, 1.037, -32.562, "Trapper", 503)
upgrade(4.327, 2.387, -32.562, 573)
place(-1.382, 1.037, -32.539, "Trapper", 1004)
place(-0.844, 1.037, -29.469, "Trapper", 707)
place(-4.042, 1.000, -36.903, "Trapper", 1117)
place(7.194, 1.037, -31.197, "Trapper", 846)
place(6.900, 1.037, -34.355, "Trapper", 521)
upgrade(6.900, 2.387, -34.355, 887)
upgrade(7.194, 2.387, -31.197, 642)
upgrade(-1.382, 2.387, -32.539, 1389)
upgrade(-0.844, 2.387, -29.469, 1016)
upgrade(-4.042, 2.350, -36.903, 516)
upgrade(4.327, 2.387, -32.562, 1527)
upgrade(-1.382, 2.387, -32.539, 1654)
upgrade(-0.844, 2.387, -29.469, 2458)
upgrade(7.194, 2.387, -31.197, 1517)
upgrade(6.900, 2.387, -34.355, 1589)
